0.0,0.0
0.008916904,-6.5325375E-4
0.017827634,-0.0013859124
0.026748024,-0.0019896866
0.035670184,-0.002566683
0.044594795,-0.0031044646
0.053522784,-0.0035828995
0.06245687,-0.0039293715
0.07139382,-0.004191679
0.08033117,-0.0044400916
0.089266986,-0.0047384584
0.09820234,-0.005050544
0.107129835,-0.0055380906
0.116062246,-0.0059252274
0.1250028,-0.005991918
0.13394041,-0.0057533085
0.14287612,-0.005451353
0.15181145,-0.005138894
0.16074255,-0.004722424
0.16965893,-0.0040621036
0.1785738,-0.0033816579
0.18749596,-0.0028045382
0.19642465,-0.0023392723
0.2053556,-0.0019196788
0.2142927,-0.0016627563
0.22323246,-0.0015259889
0.2321729,-0.0014462349
0.24111164,-0.0012541459
0.25004902,-0.0010070442
0.25898716,-7.8906055E-4
0.26792702,-6.597788E-4
0.27686778,-6.292859E-4
0.28580847,-5.892407E-4
0.2947479,-4.316511E-4
0.30368638,-2.279785E-4
0.3126216,8.785525E-5
0.32155675,4.0561892E-4
0.33049488,6.245547E-4
0.33943045,9.302839E-4
0.34836438,0.001280522
0.35729533,0.0017000756
0.36622107,0.002218743
0.37514487,0.002769641
0.38406336,0.0034010126
0.3929764,0.0041051703
0.40188563,0.0048558405
0.41079348,0.005622709
0.41970113,0.0063919104
0.4286184,0.007040213
0.43753746,0.0076631336
0.44645697,0.0082798535
0.4553794,0.008852763
0.46430683,0.009341572
0.47323522,0.009812357
0.48216668,0.0102210175
0.4911031,0.010500371
0.5000394,0.010783786
0.508975,0.011087022
0.51790833,0.011453207
0.52683806,0.0118983835
0.53576845,0.012330059
0.54469955,0.012746893
0.5536258,0.013256445
0.56255376,0.013735279
0.57148504,0.01414792
0.5804197,0.014478442
0.5893544,0.014809181
0.59828985,0.0151180355
0.60722643,0.015391622
0.6161635,0.015650764
0.62510324,0.015787095
0.63404405,0.015795007
0.6429848,0.015777525
0.6519255,0.015819026
0.66086626,0.015835544
0.66980696,0.015793286
0.6787461,0.0156199625
0.6876825,0.015339096
0.6966195,0.015078958
0.7055573,0.014846548
0.7144951,0.014617086
0.72343194,0.014349479
0.73237044,0.014145175
0.7413099,0.013988031
0.7502505,0.014043435
0.7591913,0.014021009
0.7681292,0.013794552
0.777065,0.013494321
0.7860024,0.013249024
0.79494154,0.0130783105
0.80388135,0.012943627
0.8128214,0.012829445
0.821762,0.01277217
0.83070266,0.012719786
0.83964324,0.012654587
0.848584,0.012621303
0.85752463,0.012673776
0.86646533,0.01262586
0.8754037,0.012418617
0.8843386,0.0120945545
0.8932743,0.011792132
0.90221184,0.011551373
0.91115206,0.0114482865
0.9200929,0.011459661
0.92903364,0.011431573
0.93797445,0.011428885
0.94691324,0.011619756
0.95585155,0.011831531
0.96479106,0.011983063
0.9737272,0.012271459
0.9826563,0.012728678
0.991587,0.0131537905
1.0005208,0.013506598
1.009459,0.013720902
1.0183989,0.013852723
1.0273396,0.013896115
1.0362802,0.0138395615
1.0452209,0.013796682
1.0541602,0.013637401
1.063093,0.013258023
1.0720257,0.012878552
1.0809582,0.012496735
1.08989,0.012095808
1.0988235,0.011735793
1.1077577,0.011389941
1.1166927,0.011068322
1.1256276,0.010744874
1.1345655,0.010516428
1.1435058,0.010430048
1.1524456,0.010563932
1.1613832,0.010801033
1.1703197,0.011076564
1.1792529,0.011445534
1.1881872,0.011785237
1.1971263,0.011965603
1.2060665,0.012070949
1.2150073,0.012084857
1.223948,0.012135801
1.2328887,0.012087835
1.2418275,0.011899888
1.2507648,0.01164973
1.2597005,0.01134661
1.2686375,0.011085745
1.2775737,0.010796628
1.2865114,0.010560626
1.2954507,0.010394454
1.304391,0.010305903
1.3133317,0.01027015
1.3222721,0.010173999
1.3312129,0.010178695
1.3401519,0.010359256
1.349087,0.01067798
1.3580097,0.01124613
1.3669268,0.011896947
1.3758442,0.012543426
1.3847554,0.013271308
1.3936685,0.013973997
1.4025797,0.014702093
1.411496,0.015362907
1.420418,0.015942208
1.429348,0.016381526
1.43828,0.016779296
1.4472144,0.017117048
1.4561522,0.01734651
1.4650912,0.017525354
1.4740314,0.017625334
1.4829714,0.017747447
1.4919108,0.017904738
1.5008513,0.017989106
1.5097919,0.018056372
1.518732,0.018163668
1.5276684,0.018444909
1.5366005,0.018840063
1.5455271,0.01934291
1.5544536,0.019848732
1.5633795,0.020363595
1.5723041,0.020900918
1.5812283,0.021447582
1.5901524,0.021993391
1.5990775,0.02252244
1.6080055,0.022998795
1.616936,0.02342947
1.6258686,0.023811575
1.6348038,0.024127943
1.6437423,0.024328219
1.6526828,0.024412448
1.6616232,0.024485447
1.6705635,0.02458397
1.6795038,0.02467147
1.6884441,0.02476321
1.6973846,0.02484753
1.7063242,0.024991473
1.7152622,0.025214955
1.7242005,0.025425559
1.7331386,0.025647797
1.742072,0.026011266
1.7509971,0.026540834
1.7599199,0.027108576
1.7688475,0.027595436
1.7777786,0.028011108
1.7867101,0.028419673
1.7956433,0.028788306
1.8045752,0.029187342
1.8135086,0.02954983
1.8224456,0.029811446
1.8313857,0.029921083
1.8403256,0.030047704
1.8492664,0.03005812
1.858207,0.029997485
1.8671477,0.030031616
1.8760883,0.030090505
1.8850282,0.030207684
1.893968,0.030342884
1.9029077,0.030477973
1.9118485,0.030489078
1.9207892,0.03052561
1.9297287,0.030680869
1.9386592,0.031111736
1.9475834,0.031655543
1.9565103,0.032153524
1.9654342,0.032703955
1.9743592,0.033235896
1.9832896,0.03366501
1.9922248,0.033980493
2.0011625,0.03421958
2.0100987,0.034508046
2.0190356,0.034776606
2.0279744,0.03497008
2.0369143,0.03509137
2.045855,0.035063807
2.0547957,0.03505245
2.0637364,0.035085946
2.0726771,0.035069626
2.0816178,0.035069764
2.0905585,0.035121188
2.099498,0.035277516
2.1084378,0.03541499
2.1173785,0.035418414
2.1263192,0.035382267
2.1352594,0.035477772
2.1441991,0.03561175
2.1531394,0.035712957
2.1620796,0.035812344
2.171019,0.03596991
2.179959,0.0360818
2.1888995,0.036150534
2.1978402,0.036164515
2.206781,0.03610997
2.2157207,0.035977166
2.224661,0.035890475
2.233601,0.03576888
2.2425401,0.035593532
2.2514791,0.03541245
2.2604156,0.035129655
2.269351,0.03481702
2.2782872,0.034529652
2.2872255,0.034323104
2.2961662,0.034276847
2.3051069,0.034266643
2.3140476,0.034317106
2.322988,0.03440438
2.331924,0.034702744
2.3408592,0.035015963
2.3497927,0.03537486
2.3587234,0.03579784
2.3676457,0.036373403
2.3765707,0.036906734
2.3855023,0.03731299
2.3944387,0.037592735
2.4033785,0.03772472
2.4123192,0.037715774
2.4212599,0.037709005
2.4302003,0.037645165
2.4391384,0.03742866
2.448078,0.03727305
2.4570174,0.037121642
2.4659572,0.036982104
2.4748976,0.036892515
2.4838383,0.036866218
2.4927788,0.036934663
2.5017188,0.03705379
2.5106575,0.037242424
2.519592,0.037576452
2.5285208,0.038041458
2.5374494,0.038508747
2.5463808,0.038919672
2.555313,0.03930799
2.5642483,0.039621226
2.5731845,0.03990887
2.582118,0.040268295
2.5910554,0.040513262
2.5999954,0.04063136
2.608936,0.040638212
2.6178768,0.040668465
2.6268172,0.04075843
2.635758,0.04078404
2.6446984,0.040713765
2.6536372,0.040519748
2.662576,0.04033482
2.6715138,0.040108968
2.6804538,0.039981976
2.689394,0.03988824
2.6983345,0.03980891
2.7072744,0.03969191
2.7162144,0.03981423
2.7251534,0.03999165
2.7340932,0.040130615
2.743032,0.040315494
2.751968,0.040610947
2.760904,0.04089682
2.76984,0.041194957
2.7787764,0.041471995
2.787716,0.041623615
2.7966561,0.041521262
2.8055937,0.041283358
2.8145313,0.041044682
2.8234615,0.040607788
2.8323812,0.039993443
2.8413043,0.039429024
2.8502364,0.039033633
2.8591719,0.038725734
2.8681118,0.03861181
2.8770525,0.038611084
2.8859923,0.0387534
2.8949292,0.039020173
2.9038577,0.0394891
2.9127774,0.040102985
2.921698,0.040701926
2.9306233,0.041231383
2.93955,0.04173244
2.948478,0.0422085
2.957406,0.042686693
2.9663355,0.043137815
2.9752686,0.043509327
2.984208,0.043665007
2.9931488,0.04364301
3.0020895,0.04364712
3.0110295,0.043773353
3.0199702,0.04378184
3.0289109,0.043744225
3.0378516,0.043695476
3.0467923,0.043727558
3.0557327,0.04379584
3.0646732,0.043884285
3.0736122,0.04406143
3.0825498,0.044297196
3.091484,0.044640653
3.1004095,0.045164965
3.1093202,0.045897335
3.1182413,0.04649091
3.1271677,0.04699919
3.1361034,0.047302675
3.145043,0.04745
3.1539836,0.047446795
3.1629243,0.047405433
3.1718643,0.047280613
3.1808028,0.047080167
3.1897416,0.046890996
3.1986785,0.04662262
3.2076159,0.04637485
3.2165475,0.045968454
3.2254841,0.045695763
3.2344193,0.045377944
3.2433546,0.045061056
3.2522898,0.0447481
3.2612288,0.044565916
3.270169,0.04445961
3.279109,0.04433643
3.288048,0.04415653
3.2969887,0.04412836
3.305929,0.044223905
3.3148692,0.044330634
3.3238087,0.044481628
3.3327482,0.04463339
3.3416889,0.04468788
3.3506296,0.044662207
3.3595695,0.04454431
3.3685079,0.0443333
3.377445,0.044080485
3.3863792,0.043739755
3.3953147,0.0434316
3.404245,0.042998213
3.4131744,0.04255084
3.4221025,0.04207431
3.4310246,0.041497584
3.439949,0.040958364
3.4488783,0.040502124
3.4578145,0.04021147
3.4667535,0.040030953
3.475692,0.03982638
3.4846296,0.03958813
3.4935703,0.039526906
3.502511,0.03957736
3.5114517,0.039634284
3.5203917,0.039755154
3.5293322,0.039844032
3.5382729,0.039900094
3.5472136,0.039887827
3.5561543,0.039854247
3.565095,0.03981904
3.5740347,0.03968868
3.5829718,0.03943539
3.5919104,0.03923047
3.6008453,0.03890652
3.6097784,0.038534936
3.6187081,0.03809103
3.6276321,0.03754254
3.6365578,0.037024178
3.645486,0.036552176
3.654419,0.03617513
3.6633544,0.035867974
3.6722941,0.035731435
3.6812332,0.0355575
3.6901739,0.035522703
3.6991146,0.035512038
3.7080553,0.035494074
3.7169952,0.03560715
3.7259352,0.035726614
3.7348747,0.035881568
3.7438154,0.035891574
3.7527559,0.03581424
3.761695,0.035631493
3.7706332,0.035415903
3.7795713,0.0351906
3.7885098,0.034988694
3.7974412,0.034579344
3.8063738,0.03419688
3.815306,0.03380454
3.8242328,0.0333036
3.8331578,0.03277272
3.842088,0.032335255
3.8510253,0.03208734
3.8599644,0.03190674
3.8688984,0.031558476
3.8778343,0.03126211
3.8867738,0.031103814
3.89571,0.030815393
3.9046497,0.030673431
3.9135904,0.030610463
3.9225295,0.030436754
3.9314623,0.030061033
3.9403882,0.029546691
3.9493155,0.029056832
3.9582407,0.02853004
3.967156,0.027855285
3.976067,0.02712824
3.9849565,0.026172217
3.993834,0.025111243
4.002707,0.024010548
4.011571,0.022841526
4.0204334,0.021661028
4.029305,0.020549648
4.038191,0.019561071
4.0470843,0.018644614
4.0559816,0.01776178
4.0648837,0.01692845
4.0738006,0.016276881
4.0827203,0.015663741
4.091637,0.015012113
4.100563,0.014494663
4.1094966,0.014136435
4.118433,0.013860046
4.12736,0.013357484
4.1362753,0.012681193
4.1451826,0.0119097475
4.154089,0.011124138
4.1629834,0.010215733
4.17188,0.009323184
4.180763,0.008308929
4.189647,0.0073085167
4.1985393,0.0063780434
4.2074256,0.0053928657
4.2163205,0.0044865715
4.2252192,0.0036217535
4.23413,0.0028904316
4.2430477,0.0022494523
4.2519684,0.0016482223
4.260892,0.001089477
4.269819,5.911746E-4
4.2787485,1.4245245E-4
4.2876816,-2.3036794E-4
4.2966185,-4.97609E-4
4.305556,-7.490587E-4
4.31449,-0.0010961863
4.323417,-0.0015906845
4.33234,-0.0021614928
4.3412538,-0.0028550352
4.350155,-0.0036947452
4.3590493,-0.0046038395
4.367909,-0.0058071916
4.3767185,-0.007332097
4.385511,-0.008954055
4.3942833,-0.010680998
4.403044,-0.012466175
4.411799,-0.014280248
4.4205523,-0.016101604
4.429302,-0.017939009
4.438035,-0.019857002
4.4467607,-0.021806875
4.4554687,-0.023834264
4.464191,-0.025798425
4.4729147,-0.027757358
4.4816422,-0.029698491
4.49034,-0.03176826
4.4989777,-0.03407733
4.5075593,-0.03658662
4.5160747,-0.03931111
4.5245,-0.042302784
4.532859,-0.045475658
4.54104,-0.049082763
4.549073,-0.053007614
4.5568943,-0.057339966
4.564596,-0.061881065
4.57209,-0.06675758
4.5794487,-0.07183594
4.586725,-0.07703089
4.593897,-0.08237013
4.6010213,-0.08777185
4.6081204,-0.09320718
4.6151223,-0.098766916
4.622109,-0.10434576
4.62905,-0.10998169
4.6359205,-0.115702845
4.6426697,-0.121566884
4.6492395,-0.12763092
4.6557493,-0.13375977
4.6620684,-0.14008483
4.6682467,-0.14654748
4.6742415,-0.15318076
4.6800694,-0.15996113
4.6857166,-0.1668927
4.691094,-0.1740357
4.696358,-0.18126234
4.701426,-0.18862805
4.706221,-0.19617431
4.7108583,-0.20381854
4.715144,-0.2116653
4.7192564,-0.21960416
4.723107,-0.22767343
4.726847,-0.2357943
4.73043,-0.24398571
4.733919,-0.25221756
4.7373085,-0.26049104
4.7406287,-0.2687924
4.7440176,-0.27706602
4.747341,-0.28536615
4.750521,-0.29372224
4.7536836,-0.30208516
4.7567325,-0.31048998
4.759647,-0.3189425
4.762378,-0.32745588
4.7648616,-0.33604482
4.7672358,-0.34466463
4.7693887,-0.35334235
4.7714877,-0.3620333
4.7735386,-0.37073573
4.7753596,-0.37948912
4.7771506,-0.3882487
4.7787447,-0.39704624
4.7803373,-0.4058441
4.781891,-0.41464886
4.783448,-0.423453
4.785031,-0.43225265
4.7866106,-0.44105273
4.7881722,-0.44985607
4.7897496,-0.45865664
4.7914023,-0.46744335
4.792944,-0.47625026
4.794394,-0.48507267
4.795934,-0.49387982
4.797434,-0.50269395
4.798895,-0.5115146
4.80027,-0.520349
4.801575,-0.52919406
4.8027983,-0.5380508
4.803846,-0.54692996
4.804749,-0.555825
4.8055263,-0.56473196
4.8060446,-0.57365775
4.8064737,-0.58258826
4.806877,-0.59151995
4.807419,-0.6004443
4.80811,-0.6093583
4.808941,-0.61826044
4.8099785,-0.6271408
4.8111477,-0.6360048
4.812475,-0.6448465
4.8140507,-0.6536474
4.815751,-0.66242504
4.817688,-0.67115355
4.8198905,-0.6798188
4.822269,-0.68843746
4.8247743,-0.69702005
4.827374,-0.7055746
4.8299603,-0.7141331
4.8325305,-0.7226965
4.8350396,-0.73127806
4.8375077,-0.73987144
4.8398747,-0.7484932
4.842203,-0.75712544
4.844407,-0.76579034
4.8464217,-0.7745012
4.8483906,-0.7832225
4.8501353,-0.7919914
4.851522,-0.800824
4.8526382,-0.8096948
4.8535185,-0.8185922
4.8541813,-0.8275084
4.854742,-0.8364316
4.85516,-0.84536266
4.8555017,-0.8542969
4.8556128,-0.863237
4.855646,-0.8721778
4.855614,-0.88111854
4.8555894,-0.8900593
4.855605,-0.8990001
4.855518,-0.9079405
4.8555603,-0.9168812
4.8556023,-0.9258219
4.855687,-0.9347623
4.8558264,-0.943702
4.856016,-0.9526408
4.8563046,-0.96157694
4.8566637,-0.97051054
4.8572006,-0.9794352
4.8577957,-0.9883562
4.8583846,-0.99727756
4.8592443,-1.006177
4.8604517,-1.0150359
4.861915,-1.023856
4.8635664,-1.0326431
4.8656526,-1.0413371
4.8680735,-1.0499439
4.8709793,-1.0583993
4.874383,-1.066667
4.8782043,-1.0747501
4.882491,-1.0825963
4.887219,-1.0901848
4.892216,-1.0975986
4.897472,-1.1048317
4.9031153,-1.1117663
4.909042,-1.1184608
4.91522,-1.1249241
4.9216337,-1.1311531
4.928286,-1.1371266
4.935088,-1.142929
4.942144,-1.1484205
4.9492855,-1.1537998
4.9565496,-1.1590123
4.9639306,-1.1640583
4.9714484,-1.1688981
4.9791174,-1.1734942
4.986876,-1.1779375
4.9947896,-1.1820984
5.0028195,-1.18603
5.0109897,-1.1896615
5.019281,-1.1930073
5.0276704,-1.1960984
5.036146,-1.198944
5.0447183,-1.201485
5.053352,-1.2038078
5.062032,-1.2059504
5.0707545,-1.2079142
5.079505,-1.2097495
5.0882745,-1.2114917
5.0970674,-1.2131106
5.10587,-1.214678
5.114671,-1.2162492
5.123473,-1.2178197
5.1322556,-1.2194945
5.1410155,-1.2212845
5.1497493,-1.2231965
5.1584587,-1.2252164
5.1671596,-1.2272741
5.1758685,-1.2292979
5.1845984,-1.2312274
5.193337,-1.2331182
5.20209,-1.2349416
5.2108574,-1.2366935
5.219634,-1.2383993
5.228422,-1.2400448
5.2372174,-1.2416513
5.2460213,-1.2432107
5.254831,-1.2447373
5.2636657,-1.2461109
5.2725224,-1.2473352
5.2813754,-1.248585
5.290235,-1.2497861
5.2990904,-1.2510186
5.3079405,-1.2522876
5.3167725,-1.2536798
5.3255877,-1.2551723
5.3343873,-1.256754
5.3431835,-1.2583567
5.3519697,-1.2600113
5.3607574,-1.2616597
5.369534,-1.263364
5.3783064,-1.2650912
5.3870864,-1.2667791
5.395878,-1.2684053
5.4046874,-1.2699322
5.4135003,-1.2714382
5.422319,-1.2729111
5.431148,-1.2743194
5.439985,-1.2756797
5.4488115,-1.2771041
5.45764,-1.2785171
5.466496,-1.2797484
5.4753556,-1.2809502
5.484206,-1.2822161
5.4930444,-1.2835673
5.5018635,-1.2850372
5.510671,-1.286574
5.519453,-1.2882515
5.5282164,-1.2900232
5.536972,-1.2918323
5.5456915,-1.2938093
5.554407,-1.2958024
5.5631037,-1.2978787
5.5717955,-1.2999744
5.580497,-1.3020302
5.5892177,-1.304002
5.59796,-1.305876
5.606713,-1.3076988
5.615469,-1.3095057
5.624232,-1.3112798
5.633011,-1.3129733
5.6417975,-1.3146251
5.650608,-1.316147
5.6594467,-1.3174951
5.6682916,-1.3188014
5.6771393,-1.3200891
5.68598,-1.3214235
5.6948104,-1.3228241
5.7036467,-1.324186
5.7124786,-1.3255774
5.7213025,-1.32702
5.730126,-1.3284638
5.738937,-1.3299831
5.7477517,-1.3314795
5.7565665,-1.3329751
5.7653847,-1.3344513
5.7742076,-1.3358984
5.783053,-1.3372021
5.791905,-1.3384581
5.800762,-1.339676
5.8096395,-1.340741
5.818534,-1.3416519
5.827438,-1.3424644
5.8363457,-1.3432345
5.845248,-1.3440605
5.854153,-1.3448585
5.8630643,-1.345588
5.8719788,-1.3462768
5.8808856,-1.3470538
5.8897953,-1.3477964
5.898699,-1.3486098
5.9076023,-1.3494245
5.916507,-1.3502296
5.9254227,-1.3508986
5.9343333,-1.3516314
5.943243,-1.3523756
5.9521494,-1.3531617
5.961064,-1.3538481
5.9699864,-1.3544222
5.9789147,-1.3548938
5.987848,-1.3552699
5.996786,-1.3554863
6.005727,-1.3555547
6.014667,-1.3554721
6.023607,-1.3553472
6.0325465,-1.3551956
6.041482,-1.354883
6.0504127,-1.3544593
6.05934,-1.3539672
6.0682683,-1.3534939
6.0771995,-1.3530837
6.086133,-1.3527263
6.095068,-1.3524014
6.104004,-1.3521023
6.1129384,-1.3517718
6.1218753,-1.3515012
6.1308136,-1.3512925
6.1397543,-1.3512582
6.148694,-1.351381
6.1576347,-1.3514538
6.1665754,-1.3515193
6.175516,-1.3515701
6.1844563,-1.3514701
6.1933937,-1.3512273
6.2023263,-1.3508441
6.2112556,-1.3503853
6.220187,-1.3499804
6.2291164,-1.34953
6.2380395,-1.3489656
6.246957,-1.348319
6.255881,-1.3477705
6.264812,-1.347358
6.2737446,-1.3469747
6.28268,-1.3466634
6.2916183,-1.3464457
6.3005586,-1.3463279
6.3094993,-1.3462787
6.318439,-1.346419
6.327377,-1.34664
6.336317,-1.3467586
6.3452578,-1.3467394
6.3541985,-1.3467598
6.363139,-1.3467783
6.372079,-1.3466567
6.3810177,-1.3464636
6.389956,-1.3462484
6.3988914,-1.3459411
6.4078245,-1.3455663
6.4167585,-1.3452238
6.425696,-1.3449765
6.4346294,-1.3446223
6.443559,-1.3441741
6.4524865,-1.3436863
6.4614105,-1.3431349
6.4703326,-1.3425604
6.479256,-1.3420069
6.488184,-1.3415254
6.497114,-1.341092
6.5060487,-1.3407606
6.514985,-1.340475
6.5239253,-1.3403568
6.5328655,-1.3402373
6.5418043,-1.3400466
6.550743,-1.3398477
6.559683,-1.3396955
6.568622,-1.339522
6.577558,-1.3392313
6.5864882,-1.3388008
6.5954046,-1.3381385
6.6043077,-1.3373188
6.6132035,-1.3364253
6.6221013,-1.3355495
6.6309953,-1.3346343
6.639885,-1.3336781
6.6487665,-1.332652
6.6576447,-1.3315948
6.666534,-1.3306348
6.6754236,-1.3296789
6.6843257,-1.3288494
6.6932373,-1.3281262
6.7021527,-1.3274555
6.71107,-1.326806
6.719994,-1.3262568
6.728926,-1.3258638
6.7378645,-1.3256444
6.7468038,-1.3254747
6.7557435,-1.3253447
6.7646837,-1.3252332
6.7736244,-1.3252369
6.782565,-1.3252039
6.7915044,-1.3250456
6.8004384,-1.3246937
6.809371,-1.3243107
6.8183045,-1.3239449
6.827226,-1.323361
6.8361397,-1.322662
6.8450494,-1.3219167
6.853953,-1.3211005
6.8628554,-1.3202767
6.871759,-1.3194593
6.880665,-1.3186696
6.889576,-1.3179395
6.89849,-1.3172461
6.907407,-1.316592
6.9163322,-1.3160713
6.925252,-1.3154591
6.9341764,-1.3149213
6.9431,-1.3143662
6.9520235,-1.313811
6.960943,-1.3131975
6.9698625,-1.3125798
6.9787707,-1.3118157
6.987665,-1.3109072
6.9965606,-1.3100058
7.0054474,-1.3090234
7.014316,-1.3078915
7.0231447,-1.3064803
7.031947,-1.3049144
7.040761,-1.3034132
7.0495706,-1.3018881
7.0583878,-1.3004062
7.0671916,-1.2988461
7.0759964,-1.2972913
7.084818,-1.2958367
7.093644,-1.2944114
7.102473,-1.2929993
7.111297,-1.2915612
7.120104,-1.2900194
7.12891,-1.2884748
7.137699,-1.2868335
7.146473,-1.2851144
7.15523,-1.2833107
7.1639485,-1.2813289
7.172648,-1.2792661
7.1813164,-1.2770758
7.1899295,-1.2746767
7.1984854,-1.2720817
7.206998,-1.2693481
7.215445,-1.2664187
7.2238207,-1.2632898
7.2321777,-1.2601122
7.2405033,-1.2568525
7.2488337,-1.2536049
7.257147,-1.2503147
7.2654614,-1.2470274
7.273791,-1.2437781
7.2821116,-1.2405068
7.290429,-1.2372267
7.2987328,-1.2339121
7.3069916,-1.2304872
7.315271,-1.2271125
7.3234644,-1.2235343
7.3315587,-1.219737
7.339516,-1.2156612
7.34735,-1.2113523
7.35507,-1.2068428
7.3626904,-1.2021664
7.370174,-1.1972741
7.3774776,-1.1921171
7.384654,-1.1867841
7.391799,-1.1814096
7.398916,-1.1759976
7.4060106,-1.1705568
7.4130664,-1.1650653
7.4201527,-1.1596136
7.427327,-1.1542788
7.434685,-1.1491997
7.4421954,-1.1443483
7.449831,-1.1396965
7.457579,-1.1352352
7.465391,-1.1308864
7.4732966,-1.1267103
7.4812803,-1.1226852
7.489488,-1.1191396
7.497823,-1.1159046
7.506214,-1.1128176
7.5146437,-1.109837
7.523078,-1.1068703
7.5315266,-1.1039441
7.539972,-1.1010083
7.5484123,-1.09806
7.5568295,-1.0950452
7.565214,-1.0919411
7.5736475,-1.0889716
7.582103,-1.0860654
7.5905786,-1.0832193
7.5990753,-1.0804373
7.6076045,-1.0777562
7.6161423,-1.0751014
7.624695,-1.0724947
7.6332674,-1.0699546
7.641827,-1.0673728
7.6503396,-1.064639
7.6588316,-1.0618412
7.667283,-1.0589244
7.6757245,-1.0559787
7.684117,-1.0528955
7.692417,-1.049573
7.7006383,-1.0460585
7.7087307,-1.0422573
7.716694,-1.0381919
7.724495,-1.0338237
7.7320895,-1.029106
7.7394547,-1.0240376
7.746624,-1.0186951
7.7536206,-1.013129
7.7604437,-1.0073514
7.7670484,-1.0013252
7.7734222,-0.99505556
7.77959,-0.9885829
7.7855244,-0.9818954
7.7912745,-0.9750489
7.796773,-0.96799886
7.80202,-0.96075976
7.8069205,-0.9532814
7.811625,-0.9456784
7.8161464,-0.93796504
7.8203497,-0.93007386
7.824297,-0.92205167
7.8279414,-0.9138873
7.831254,-0.9055829
7.8341866,-0.89713675
7.836811,-0.88858986
7.8390245,-0.87992734
7.8409996,-0.87120736
7.8426633,-0.8624227
7.844008,-0.8535836
7.845066,-0.8447056
7.845816,-0.8357963
7.8462076,-0.82686406
7.846031,-0.817925
7.8456736,-0.8089913
7.8453007,-0.8000583
7.84483,-0.7911299
7.844237,-0.7822088
7.843389,-0.7733083
7.8425255,-0.7644093
7.8415837,-0.75551826
7.8406267,-0.7466288
7.839687,-0.73773754
7.8387914,-0.72884166
7.837882,-0.7199472
7.8371496,-0.7110365
7.8364253,-0.7021251
7.835611,-0.69322145
7.8347554,-0.6843217
7.8338184,-0.6754301
7.832809,-0.66654646
7.83185,-0.6576572
7.8308268,-0.64877516
7.8297224,-0.63990283
7.828488,-0.63104767
7.827198,-0.62220037
7.8258433,-0.6133628
7.824398,-0.6045396
7.822957,-0.5957157
7.8215885,-0.58688027
7.820231,-0.57804316
7.818931,-0.56919736
7.8176003,-0.56035614
7.816397,-0.5514967
7.815217,-0.5426341
7.814055,-0.5337692
7.81306,-0.5248839
7.812032,-0.51600236
7.81093,-0.5071298
7.809754,-0.49826667
7.8085566,-0.4894064
7.807282,-0.4805569
7.8054624,-0.47180322
7.8036003,-0.46305844
7.8015985,-0.45434463
7.799482,-0.44565797
7.79735,-0.43697503
7.7952795,-0.4282773
7.7932286,-0.41957495
7.7910757,-0.41089723
7.78898,-0.40220553
7.7869525,-0.39349765
7.7849975,-0.3847732
7.7830462,-0.3760479
7.7812343,-0.36729267
7.7795105,-0.3585196
7.777807,-0.34974256
7.7760677,-0.3409726
7.774526,-0.33216575
7.772992,-0.32335755
7.771478,-0.31454587
7.7700405,-0.30572146
7.7686048,-0.29689673
7.7670937,-0.28808454
7.7653933,-0.27930695
7.7636304,-0.27054164
7.761818,-0.2617865
7.7599635,-0.25304016
7.7580295,-0.24431108
7.7562084,-0.23555773
7.754604,-0.22676209
7.7530084,-0.2179648
7.751401,-0.2091697
7.7498894,-0.20035759
7.748481,-0.19152845
7.747085,-0.18269724
7.745657,-0.1738712
7.7442207,-0.1650465
7.7428055,-0.1562184
7.741331,-0.14739998
7.7397947,-0.1385922
7.73835,-0.12976894
7.737016,-0.12092814
7.735889,-0.11205866
7.734835,-0.10318021
7.7338314,-0.094295904
7.732716,-0.085424915
7.7315006,-0.076567136
7.730118,-0.067733936
7.728617,-0.058919933
7.7270885,-0.050110757
7.7255034,-0.04131154
7.7239275,-0.032510728
7.722248,-0.023729093
7.720472,-0.014966535
7.7188115,-0.006181253
7.7172594,0.0026238281
7.7158093,0.0114462925
7.7143755,0.02027137
7.7129483,0.029097563
7.7116203,0.03793916
7.7103524,0.046789583
7.7092276,0.05565935
7.708366,0.06455852
7.707645,0.0734702
7.7069397,0.08238315
7.706035,0.09127808
7.7051525,0.10017521
7.7041864,0.10906368
7.703018,0.117927834
7.7016525,0.12676372
7.7001233,0.1355728
7.6983933,0.14434464
7.6965284,0.15308875
7.6946654,0.1618333
7.6928325,0.17058419
7.6909013,0.17931393
7.688955,0.18804024
7.6870337,0.19677217
7.6851363,0.2055093
7.6833563,0.21427116
7.681652,0.223048
7.680041,0.23184241
7.678586,0.24066408
7.6772466,0.24950399
7.675961,0.2583519
7.674622,0.26719183
7.673325,0.27603808
7.6719236,0.28486836
7.6704593,0.29368842
7.6689463,0.30250028
7.667442,0.3113136
7.6658673,0.32011464
7.6641607,0.328891
7.662351,0.33764672
7.6604767,0.3463888
7.6586194,0.35513455
7.656683,0.36386314
7.654691,0.37257928
7.6526923,0.3812937
7.6507564,0.3900224
7.648864,0.39876062
7.6469274,0.40748915
7.645016,0.41622335
7.6432266,0.4249832
7.641607,0.43377602
7.640108,0.44259033
7.638674,0.4514153
7.6371946,0.46023285
7.635761,0.46905795
7.6343813,0.4778917
7.632986,0.48672298
7.631575,0.49555176
7.63012,0.5043733
7.6286073,0.51318526
7.6269736,0.5219755
7.625228,0.5307442
7.623496,0.5395156
7.621795,0.5482932
7.6200166,0.55705523
7.618212,0.56581205
7.616483,0.5745841
7.6148734,0.5833788
7.613357,0.5921901
7.6118894,0.6010096
7.6104574,0.60983497
7.6091585,0.61868095
7.6077695,0.6275132
7.6064124,0.63635033
7.6051016,0.64519453
7.6038733,0.6540505
7.6027493,0.66292036
7.6015005,0.6717735
7.600176,0.68061566
7.5987544,0.6894427
7.597421,0.6982835
7.5960903,0.70712465
7.594765,0.7159667
7.5933375,0.7247928
7.5919614,0.7336271
7.5906215,0.7424669
7.5891666,0.75128853
7.5876045,0.7600918
7.5860953,0.76890427
7.5846853,0.7777332
7.5832605,0.78655976
7.581874,0.7953924
7.58048,0.8042239
7.579199,0.8130724
7.5779824,0.82193005
7.5768857,0.83080333
7.575928,0.8396927
7.575114,0.84859633
7.5744057,0.8575091
7.573623,0.86641556
7.5728154,0.8753198
7.5719657,0.8842201
7.5709825,0.8931067
7.5698256,0.90197235
7.5685587,0.9108229
7.567152,0.9196524
7.5657587,0.92848396
7.564469,0.93733126
7.5631347,0.94617194
7.56166,0.95499027
7.560134,0.9637999
7.5585794,0.9726045
7.5569916,0.9814032
7.555371,0.9901958
7.5537906,0.9989959
7.5523453,1.0078192
7.550924,1.0166463
7.549452,1.025465
7.5480433,1.0342941
7.5466766,1.0431299
7.545448,1.0519859
7.5442014,1.0608394
7.542895,1.0696843
7.541512,1.0785176
7.540095,1.0873452
7.538585,1.0961577
7.536925,1.1049429
7.535084,1.113692
7.53306,1.1224008
7.5309434,1.1310874
7.528698,1.1397417
7.52629,1.1483521
7.523785,1.156935
7.5211887,1.1654905
7.5186024,1.174049
7.5159693,1.1825933
7.5132895,1.1911231
7.5104938,1.1996156
7.507633,1.2080865
7.50472,1.2165395
7.5016394,1.2249327
7.4982615,1.2332108
7.494708,1.2414153
7.4908557,1.2494835
7.4867015,1.2574006
7.4822483,1.2651534
7.47745,1.2726974
7.4723735,1.2800573
7.4668913,1.2871202
7.4609904,1.2938372
7.4547305,1.300221
7.4481444,1.3062679
7.441139,1.3118232
7.4339237,1.3171029
7.4265537,1.3221647
7.418948,1.3268653
7.411139,1.3312188
7.40312,1.3351727
7.3949337,1.3387672
7.3866243,1.342068
7.3782015,1.3450671
7.369704,1.3478462
7.3611145,1.3503289
7.352434,1.3524705
7.343657,1.3541722
7.3348293,1.3555896
7.325958,1.3566998
7.3170633,1.3576069
7.3081493,1.3582999
7.2992167,1.3586781
7.2902784,1.3588963
7.281338,1.359001
7.2723975,1.3590702
7.263457,1.3590215
7.254517,1.3588948
7.245579,1.358688
7.2366457,1.3583168
7.2277226,1.3577536
7.2188063,1.3570945
7.2098923,1.3564049
7.20099,1.3555758
7.192088,1.3547434
7.183198,1.3537921
7.1743083,1.3528377
7.165428,1.3517972
7.1565413,1.3508142
7.1476455,1.34992
7.138742,1.3491056
7.1298275,1.3484226
7.1209164,1.3476957
7.112012,1.34689
7.103116,1.3459945
7.094268,1.3447114
7.0854206,1.3434222
7.0765724,1.3421398
7.067731,1.340812
7.058902,1.3394042
7.0500746,1.3379834
7.041247,1.3365649
7.0324283,1.3350905
7.0235996,1.333678
7.0147777,1.3322248
7.0059557,1.3307719
6.997129,1.329348
6.988293,1.327982
6.9794774,1.3264916
6.97065,1.325072
6.9618106,1.3237318
6.952971,1.3223913
6.9441385,1.3210044
6.935311,1.319586
6.926456,1.3183489
6.9175954,1.3171529
6.908742,1.3159064
6.899912,1.314503
6.891093,1.3130326
6.8822966,1.3114306
6.873517,1.3097408
6.864773,1.3078761
6.8560324,1.3059938
6.84729,1.3041201
6.838566,1.3021637
6.8298435,1.3001997
6.8211102,1.2982849
6.812382,1.2963469
6.8036547,1.2944068
6.7949467,1.2923796
6.7862334,1.290376
6.7774987,1.2884684
6.768772,1.2865225
6.760022,1.2846842
6.751278,1.282819
6.742533,1.2809564
6.733769,1.279189
6.7250123,1.2773833
6.716278,1.2754718
6.707568,1.2734537
6.698874,1.2713686
6.690207,1.2691723
6.681604,1.2667388
6.673045,1.2641531
6.6645184,1.2614644
6.6560435,1.258616
6.6475954,1.2556896
6.6392164,1.2525705
6.6308255,1.249484
6.62242,1.2464366
6.614018,1.2433794
6.6056166,1.2403207
6.5972347,1.237209
6.588856,1.2340888
6.580465,1.2310034
6.5720916,1.2278681
6.5637345,1.2246902
6.5553913,1.2214769
6.547066,1.2182165
6.5388074,1.214792
6.5305915,1.2112657
6.5224323,1.2076097
6.5145183,1.20345
6.506712,1.1990911
6.4989862,1.1945909
6.49143,1.1898116
6.4841223,1.18466
6.4769206,1.1793617
6.469851,1.1738884
6.462892,1.1682748
6.456111,1.1624479
6.449448,1.1564863
6.4429708,1.1503235
6.436598,1.1440524
6.4303045,1.1377017
6.4240975,1.1312668
6.4179792,1.1247475
6.4119825,1.1181159
6.4060698,1.1114093
6.4003453,1.1045413
6.394768,1.0975533
6.389234,1.090531
6.383792,1.0834371
6.3785276,1.0762103
6.3734255,1.0688683
6.3684707,1.0614262
6.363645,1.0538994
6.3589463,1.0462928
6.3544197,1.0385826
6.350133,1.0307364
6.346018,1.0227989
6.3419795,1.0148221
6.337973,1.0068293
6.333938,0.9988508
6.3298597,0.9908945
6.3257613,0.98294836
6.3216677,0.9749997
6.3175244,0.967077
6.3132095,0.9592462
6.3087764,0.9514819
6.304266,0.94376206
6.299573,0.93615186
6.2947354,0.928633
6.28971,0.92123806
6.2844176,0.9140319
6.27896,0.9069499
6.273386,0.8999596
6.2676964,0.89306265
6.2620826,0.88610387
6.2564816,0.87913483
6.250803,0.87222904
6.245047,0.8653875
6.239136,0.85867923
6.2330613,0.8521191
6.2268414,0.84569633
6.220445,0.8394492
6.2138066,0.83346003
6.2069583,0.82771194
6.1998715,0.8222609
6.1925697,0.8171016
6.1850467,0.81227034
6.1772823,0.8078369
6.1693816,0.80365145
6.1613607,0.7997018
6.1532264,0.7959915
6.144997,0.79249626
6.1366568,0.78927463
6.128262,0.78619754
6.119787,0.78334844
6.111273,0.78062016
6.102736,0.77796245
6.094197,0.77531356
6.0856643,0.7726424
6.077178,0.7698275
6.068709,0.7669624
6.0602455,0.76408046
6.0517774,0.7612121
6.0433464,0.75823647
6.0349197,0.75524765
6.026502,0.75223374
6.018076,0.74924386
6.0096035,0.7463874
6.0011206,0.74356294
5.9926214,0.7407877
5.9840827,0.7381361
5.975557,0.7354443
5.9670305,0.7327534
5.958467,0.7301836
5.9498973,0.72763443
5.9413157,0.7251262
5.932731,0.72262686
5.9241524,0.7201082
5.915583,0.71755826
5.90703,0.714954
5.8985014,0.71227115
5.8900065,0.7094825
5.88157,0.7065224
5.873182,0.70342696
5.864796,0.70032525
5.8564224,0.69719243
5.848091,0.6939483
5.839761,0.6907015
5.8314586,0.68738335
5.8231483,0.6840849
5.8148427,0.68077475
5.8065195,0.6775097
5.7981753,0.6742989
5.789789,0.67119926
5.7813673,0.6681981
5.7728987,0.6653311
5.7644167,0.66250396
5.7558923,0.65980786
5.7473454,0.6571825
5.7388105,0.6545197
5.730288,0.6518173
5.7217803,0.64906806
5.7132864,0.64627635
5.7048035,0.64345175
5.6963425,0.6405617
5.687912,0.6375844
5.6794963,0.63456565
5.6710515,0.631629
5.6626377,0.6286043
5.654256,0.62549293
5.645854,0.62243587
5.63746,0.61935675
5.629065,0.61628085
5.6206627,0.6132245
5.6122313,0.61025023
5.603774,0.60735
5.5953116,0.60446405
5.5868154,0.60168016
5.5782976,0.59896296
5.569763,0.5962976
5.561211,0.5936904
5.552666,0.59105873
5.5441394,0.5883693
5.535643,0.58558536
5.5271797,0.58270216
5.518739,0.5797536
5.5103326,0.5767095
5.5019603,0.5735722
5.4936075,0.57038337
5.4852295,0.5672617
5.4768405,0.56416965
5.4685216,0.56089354
5.4601836,0.5576663
5.4518046,0.5545472
5.4434137,0.55146056
5.4350233,0.5483725
5.426627,0.54529995
5.4181986,0.54231733
5.4097714,0.5393307
5.4013524,0.5363212
5.3929243,0.5333366
5.384502,0.53033686
5.3760514,0.52741665
5.367607,0.5244781
5.3592005,0.52143395
5.3508253,0.5183048
5.3424735,0.51511395
5.334173,0.51179105
5.325945,0.50829315
5.3177752,0.5046605
5.309677,0.5008709
5.3016033,0.49702966
5.2935486,0.4931489
5.285554,0.4891458
5.277573,0.4851149
5.269619,0.4810324
5.2616568,0.47696543
5.253699,0.47289002
5.2457457,0.46880534
5.237885,0.46454525
5.2300205,0.46029243
5.2221494,0.45605204
5.2142615,0.45184267
5.206445,0.44750148
5.1986623,0.44310084
5.190924,0.43862236
5.1832438,0.434045
5.1756907,0.42926112
5.168276,0.42426524
5.16102,0.41904116
5.153921,0.41360536
5.147022,0.40791863
5.1403537,0.4019624
5.133884,0.39579156
5.1275053,0.38952637
5.121333,0.38305792
5.115381,0.37638655
5.1096053,0.36956137
5.104007,0.36259034
5.0985374,0.35551754
5.0932755,0.34828916
5.0881495,0.34096363
5.0831833,0.3335289
5.0784025,0.32597372
5.073809,0.3183032
5.0693817,0.31053552
5.065293,0.3025846
5.0613933,0.29453906
5.0576158,0.2864354
5.0541444,0.27819607
5.050994,0.2698287
5.0481687,0.26134607
5.0456457,0.2527686
5.04349,0.24409162
5.0417295,0.23532583
5.040289,0.22650182
5.0391283,0.21763667
5.0383234,0.2087322
5.0378804,0.19980237
5.0377326,0.19086279
5.037757,0.18192202
5.0380096,0.1729848
5.03846,0.16405533
5.039075,0.1551357
5.039796,0.14622402
5.040546,0.13731474
5.0414066,0.12841547
5.042361,0.11952573
5.043291,0.11063344
5.0443854,0.10175987
5.0456147,0.092903964
5.0468764,0.08405267
5.0482426,0.07521683
5.049753,0.06640455
5.0513177,0.057601705
5.053001,0.048820823
5.054848,0.040072985
5.0567746,0.031342216
5.0588164,0.02263774
5.0609713,0.013960478
5.0631323,0.0052847974
5.065341,-0.003378937
5.0676126,-0.012026386
5.0698705,-0.02067737
5.072144,-0.029324241
5.07442,-0.03797052
5.0766444,-0.046630196
5.0788436,-0.05529633
5.0809264,-0.06399116
5.082768,-0.0727403
5.084464,-0.081518725
5.0860224,-0.09032265
5.0874786,-0.09914405
5.0887814,-0.1079894
5.0898886,-0.11686139
5.0909295,-0.12574138
5.0918713,-0.13463242
5.092774,-0.14352755
5.0935526,-0.15243438
5.094235,-0.16134909
5.094798,-0.17027214
5.095189,-0.17920437
5.0954056,-0.18814255
5.0953803,-0.19708332
5.0950646,-0.20601854
5.0944095,-0.2149353
5.093409,-0.22381994
5.0921288,-0.23266858
5.0903053,-0.24142145
5.088221,-0.2501159
5.085841,-0.25873414
5.083179,-0.26726946
5.0801435,-0.27567917
5.076745,-0.2839489
5.0729833,-0.29205984
5.0689697,-0.3000491
5.064587,-0.30784205
5.0598845,-0.31544614
5.0549545,-0.32290477
5.0498366,-0.33023584
5.044393,-0.33732843
5.038742,-0.34425703
5.0331607,-0.35124168
5.027439,-0.3581122
5.0215063,-0.3648009
5.0153794,-0.37131247
5.008997,-0.3775738
5.002264,-0.38345644
4.995302,-0.38906622
4.9881654,-0.39445165
4.980899,-0.39966106
4.9735374,-0.4047354
4.9661775,-0.40981185
4.9587264,-0.41475356
4.9511795,-0.41954765
4.943567,-0.42423677
4.9358597,-0.42876908
4.928064,-0.43314674
4.9202,-0.4374006
4.9122896,-0.4415679
4.904345,-0.44566914
4.896364,-0.44969934
4.888361,-0.45368463
4.880364,-0.45768318
4.872398,-0.46174282
4.864448,-0.46583405
4.8565364,-0.46999827
4.8486676,-0.47424293
4.8408556,-0.47859195
4.8330994,-0.48303908
4.8253555,-0.4875077
4.8176537,-0.49204865
4.8099456,-0.4965789
4.8022385,-0.5011106
4.794531,-0.505642
4.786792,-0.5101195
4.779066,-0.51461995
4.7713,-0.5190495
4.7634835,-0.52339035
4.755648,-0.52769697
4.7478466,-0.5320642
4.740079,-0.53649133
4.7322583,-0.5408245
4.724444,-0.5451688
4.7166367,-0.54952556
4.7088056,-0.55383986
4.7009296,-0.55807155
4.693066,-0.562326
4.685171,-0.5665219
4.677322,-0.57080317
4.6695795,-0.5752742
4.66183,-0.57973343
4.653999,-0.5840476
4.646176,-0.58837616
4.6383767,-0.5927476
4.6305494,-0.59706885
4.622718,-0.60138196
4.6148505,-0.6056298
4.6069803,-0.6098719
4.599065,-0.61402905
4.591101,-0.61809325
4.583188,-0.6222547
4.575232,-0.6263339
4.5672727,-0.630407
4.5592446,-0.63434273
4.551186,-0.6382153
4.5431404,-0.6421147
4.5351067,-0.646039
4.5270867,-0.64999115
4.51908,-0.6539706
4.5110207,-0.6578417
4.5029793,-0.66174966
4.4949975,-0.6657783
4.4870033,-0.66978246
4.479001,-0.67376995
4.471041,-0.6778418
4.463061,-0.6818727
4.4550757,-0.68589497
4.4471126,-0.6899603
4.439066,-0.6938575
4.430996,-0.6977062
4.4229007,-0.70150125
4.414751,-0.7051787
4.4066052,-0.708864
4.3984175,-0.7124559
4.390218,-0.71601975
4.381996,-0.7195325
4.373756,-0.72300225
4.3655047,-0.72644514
4.3572617,-0.72990716
4.3490524,-0.7334494
4.340884,-0.737085
4.332769,-0.74083686
4.3246884,-0.7446636
4.316625,-0.74852586
4.3085756,-0.7524169
4.300519,-0.7562933
4.292461,-0.7601667
4.2844253,-0.7640862
4.2763658,-0.7679574
4.2683134,-0.77184284
4.260247,-0.77569914
4.2521706,-0.77953345
4.2440777,-0.7833336
4.2359376,-0.78703225
4.2277727,-0.790675
4.219589,-0.79427636
4.211388,-0.7978373
4.203161,-0.8013366
4.1948724,-0.80468947
4.1865516,-0.8079612
4.1782312,-0.8112337
4.1699057,-0.8144925
4.1615424,-0.8176538
4.1531615,-0.8207685
4.1447845,-0.8238933
4.1364236,-0.8270606
4.128076,-0.8302633
4.119728,-0.8334642
4.1113644,-0.8366238
4.1030235,-0.83984333
4.0946937,-0.8430911
4.086354,-0.84631413
4.0780277,-0.84957165
4.069693,-0.8528078
4.0613346,-0.8559823
4.052957,-0.859105
4.0445304,-0.86209303
4.036095,-0.86505646
4.0276256,-0.86792094
4.019132,-0.870714
4.010638,-0.8735056
4.00212,-0.87622225
3.9936032,-0.878943
3.985104,-0.8817184
3.9766073,-0.88450134
3.968127,-0.8873337
3.9596448,-0.89016044
3.9511776,-0.8930315
3.9427385,-0.89598435
3.9343157,-0.89898354
3.925893,-0.9019832
3.91748,-0.90500927
3.9090905,-0.90810055
3.9006948,-0.9111747
3.8923059,-0.9142671
3.8839364,-0.9174121
3.875482,-0.92032105
3.867008,-0.92317224
3.8585067,-0.9259409
3.8499768,-0.9286201
3.8414454,-0.93129486
3.8329096,-0.9339553
3.8243368,-0.9364942
3.8157322,-0.93892354
3.807128,-0.9413532
3.7985406,-0.94384235
3.7899592,-0.946352
3.781397,-0.9489268
3.7728534,-0.95156145
3.764341,-0.9542965
3.75586,-0.9571269
3.7474089,-0.9600452
3.738983,-0.9630352
3.730618,-0.9661922
3.722294,-0.9694554
3.7139673,-0.9727113
3.705633,-0.9759478
3.697281,-0.9791383
3.6888857,-0.98221385
3.6804752,-0.9852473
3.6720624,-0.98827386
3.663609,-0.99118596
3.6551654,-0.99412614
3.6466715,-0.9969174
3.6382012,-0.99977934
3.6297247,-1.0026232
3.621266,-1.0055192
3.6128242,-1.0084645
3.6044095,-1.0114858
3.5960102,-1.0145504
3.5876126,-1.0176195
3.5792258,-1.0207175
3.5708387,-1.023815
3.5624993,-1.0270386
3.5541565,-1.0302536
3.545794,-1.0334165
3.537463,-1.036662
3.5291429,-1.039935
3.520799,-1.0431472
3.5124443,-1.0463312
3.5040634,-1.0494452
3.4956727,-1.0525328
3.4872172,-1.0554386
3.4787502,-1.0583104
3.4702559,-1.0611006
3.4617286,-1.0637887
3.4532013,-1.066476
3.444649,-1.0690829
3.4360743,-1.0716153
3.4275084,-1.0741771
3.4189625,-1.0768054
3.4104402,-1.0795091
3.401906,-1.0821748
3.3933887,-1.0848942
3.3848898,-1.0876702
3.376379,-1.0904093
3.3678749,-1.093169
3.3593824,-1.0959643
3.3508992,-1.0987879
3.3423681,-1.1014634
3.3338108,-1.1040536
3.3252316,-1.1065705
3.316607,-1.1089274
3.3079581,-1.1111934
3.2992523,-1.11323
3.2905095,-1.1151011
3.2817066,-1.1166656
3.2728693,-1.1180227
3.263987,-1.1190449
3.2550898,-1.1199262
3.2461653,-1.1204649
3.2372289,-1.1207416
3.2282898,-1.1209153
3.2193494,-1.120982
3.2104096,-1.1208384
3.2014728,-1.1205716
3.1925488,-1.1200227
3.1836398,-1.1192682
3.1747534,-1.118283
3.1659005,-1.1170336
3.1570892,-1.1155173
3.1483655,-1.1135591
3.1397407,-1.1112034
3.1311965,-1.1085703
3.122855,-1.1053524
3.114717,-1.1016495
3.1068108,-1.0974747
3.0991802,-1.092815
3.0918307,-1.0877234
3.0848038,-1.0821953
3.078115,-1.0762626
3.0718036,-1.06993
3.0659533,-1.0631689
3.060511,-1.0560751
3.0555077,-1.0486654
3.050907,-1.0409993
3.0467553,-1.0330808
3.0429764,-1.0249779
3.0395954,-1.0167011
3.036496,-1.0083147
3.033585,-0.99986106
3.0308237,-0.9913574
3.0282965,-0.98278123
3.0258708,-0.9741758
3.023529,-0.9655471
3.021427,-0.9568569
3.0194392,-0.9481399
3.0175688,-0.9393969
3.0157552,-0.930642
3.0141253,-0.921851
3.0125563,-0.9130489
3.0110497,-0.90423596
3.0096333,-0.8954081
3.0082834,-0.8865698
3.0071244,-0.87770444
3.0060368,-0.86883
3.0048432,-0.85996926
3.0035477,-0.85112286
3.0024147,-0.84225416
3.0014248,-0.83336836
3.0003107,-0.8244972
2.9990265,-0.81564915
2.997687,-0.80680925
2.9963298,-0.7979721
2.9949841,-0.78913313
2.9936056,-0.78029925
2.9921606,-0.771476
2.9906595,-0.76266205
2.9891036,-0.7538577
2.987508,-0.7450604
2.9858932,-0.7362666
2.9843307,-0.7274634
2.9828486,-0.7186463
2.9813347,-0.70983464
2.9799151,-0.70100725
2.9785445,-0.6921721
2.9770513,-0.6833569
2.9756842,-0.6745212
2.974438,-0.66566765
2.973176,-0.65681636
2.9717753,-0.64798594
2.9702752,-0.6391719
2.9687479,-0.6303625
2.9671342,-0.6215685
2.9654498,-0.61278784
2.9637146,-0.604017
2.9619818,-0.5952458
2.9601512,-0.5864944
2.958219,-0.5777648
2.956297,-0.5690331
2.9543293,-0.5603115
2.9523354,-0.55159587
2.9504452,-0.54285717
2.9485867,-0.5341117
2.946813,-0.52534854
2.945098,-0.5165738
2.9433765,-0.5078003
2.9417388,-0.49901074
2.9400353,-0.49023375
2.9384012,-0.48144358
2.9368155,-0.4726445
2.9351997,-0.46385092
2.9335055,-0.4550721
2.9318027,-0.44629496
2.930112,-0.43751553
2.9283926,-0.42874157
2.9265704,-0.41998842
2.9246097,-0.41126525
2.922658,-0.40254006
2.9206955,-0.3938173
2.9186356,-0.38511705
2.9165328,-0.37642705
2.9144285,-0.36773738
2.9123542,-0.35904053
2.9103072,-0.35033724
2.9082794,-0.3416294
2.9063046,-0.3329094
2.9043992,-0.32417402
2.9025211,-0.3154327
2.900659,-0.30668795
2.8987687,-0.2979493
2.8969724,-0.2891908
2.895267,-0.28041416
2.8935285,-0.27164403
2.8916328,-0.2629065
2.8896203,-0.2541951
2.8874607,-0.24551906
2.8851516,-0.23688161
2.8826818,-0.22828874
2.8801436,-0.21971582
2.8775668,-0.21115437
2.8749516,-0.20260462
2.8721664,-0.19410866
2.869166,-0.18568636
2.8660953,-0.17728941
2.862853,-0.16895722
2.859366,-0.16072446
2.8556993,-0.1525701
2.8517919,-0.14452833
2.8477151,-0.13657105
2.8433127,-0.12878916
2.8386936,-0.12113398
2.8337543,-0.11368133
2.828534,-0.10642283
2.8230743,-0.09934248
2.817307,-0.09251054
2.8112419,-0.08594155
2.8048527,-0.0796871
2.7980642,-0.07386867
2.791018,-0.068365015
2.7837296,-0.06318658
2.7761946,-0.05837378
2.7683945,-0.0540037
2.7603903,-0.050019823
2.7522597,-0.046300806
2.7439218,-0.043073103
2.7354894,-0.040101133
2.7269626,-0.03741187
2.7183542,-0.034996036
2.7096784,-0.032835778
2.7009401,-0.03094368
2.6921532,-0.0292919
2.6833332,-0.0278274
2.6744742,-0.026620246
2.6655874,-0.025639422
2.6566706,-0.024985053
2.6477413,-0.024530523
2.638802,-0.024369055
2.6298618,-0.024474405
2.6209278,-0.024822367
2.6119974,-0.025253184
2.603077,-0.025856767
2.5941663,-0.02659177
2.5852742,-0.02752438
2.576404,-0.028645653
2.5675375,-0.029795714
2.5586827,-0.031032804
2.5498462,-0.032394778
2.5410223,-0.03383643
2.5321996,-0.035284393
2.5233748,-0.036720153
2.5145564,-0.038194425
2.5057023,-0.039436653
2.496843,-0.040642325
2.4879677,-0.041722957
2.479085,-0.04274077
2.4701958,-0.04369922
2.4613032,-0.04462752
2.4524117,-0.04556338
2.443513,-0.04642851
2.43461,-0.047250204
2.425711,-0.04811453
2.4168172,-0.049030386
2.4079273,-0.04998234
2.399031,-0.05087325
2.3901386,-0.05180233
2.3812501,-0.052767314
2.372369,-0.05379795
2.363487,-0.05482158
2.3546057,-0.05585137
2.345727,-0.05690373
2.3368385,-0.057868637
2.327946,-0.058796242
2.319044,-0.05963052
2.3101368,-0.060404535
2.3012266,-0.06114301
2.2923052,-0.06173097
2.2833834,-0.062314115
2.2744539,-0.062765315
2.2655296,-0.06331072
2.2566025,-0.063803904
2.2476733,-0.06425828
2.238746,-0.06474884
2.229821,-0.06528191
2.2208972,-0.06583423
2.2119765,-0.06643519
2.2030594,-0.067087054
2.1941504,-0.067840144
2.1852524,-0.06871324
2.1763606,-0.069647774
2.167471,-0.07060305
2.1585968,-0.0716922
2.1497319,-0.072855026
2.1408644,-0.0739978
2.132,-0.07516458
2.1231327,-0.07630915
2.1142619,-0.07742553
2.1053894,-0.07852869
2.0964966,-0.07945446
2.0876086,-0.08042358
2.0787241,-0.08142538
2.0698376,-0.08240902
2.060944,-0.08332857
2.0520432,-0.08417313
2.0431435,-0.085028656
2.034253,-0.08597516
2.0253727,-0.08701523
2.0164986,-0.088104926
2.0076315,-0.08925129
1.9987812,-0.09052016
1.9899496,-0.09191293
1.9811219,-0.09333086
1.9723133,-0.09486269
1.9635482,-0.09662619
1.9547893,-0.09842071
1.9460298,-0.10021231
1.9372663,-0.101984315
1.9284979,-0.10373137
1.9197375,-0.105518036
1.9109774,-0.10730649
1.9021969,-0.10899193
1.8934072,-0.11062879
1.8845967,-0.112149626
1.8757834,-0.11365417
1.8669595,-0.115094975
1.8581241,-0.116464406
1.8492867,-0.11781983
1.8404636,-0.11926626
1.8316485,-0.12075976
1.8228328,-0.12225067
1.8140218,-0.12376859
1.8052146,-0.12530863
1.7964114,-0.12687096
1.7875967,-0.12836744
1.7787942,-0.12993366
1.7700448,-0.13177408
1.7613032,-0.13365063
1.7525777,-0.13560078
1.7438614,-0.13759196
1.735158,-0.1396385
1.7264584,-0.14170168
1.7177408,-0.14368682
1.7090122,-0.14562331
1.7002711,-0.14750306
1.6915352,-0.14940645
1.6827958,-0.1512933
1.6740272,-0.15304004
1.6652639,-0.15481298
1.6565192,-0.15667507
1.6477817,-0.15857129
1.6390787,-0.16061945
1.630377,-0.16267328
1.6216792,-0.16474317
1.6129935,-0.16686371
1.604345,-0.16913095
1.5956922,-0.17138174
1.5870478,-0.1736651
1.5784482,-0.1761112
1.5698384,-0.17852166
1.5612056,-0.18084837
1.5525525,-0.18309791
1.5438946,-0.18532966
1.5352485,-0.18760605
1.5266231,-0.18995975
1.5180126,-0.19236772
1.5094277,-0.19486503
1.5008546,-0.19740288
1.4922489,-0.19982764
1.4836208,-0.20217146
1.475006,-0.2045638
1.4663944,-0.20696759
1.4577943,-0.20941198
1.4491808,-0.21180911
1.4405608,-0.21418235
1.4319366,-0.21654075
1.4233458,-0.21901765
1.4147677,-0.22153838
1.4061702,-0.22399211
1.3975661,-0.22642255
1.3889395,-0.22877222
1.3802953,-0.23105603
1.3716415,-0.23330314
1.3629853,-0.23554055
1.3543316,-0.23778816
1.3456482,-0.23991804
1.3369488,-0.24198154
1.328258,-0.2440814
1.3195562,-0.24613501
1.3108599,-0.24821141
1.3021424,-0.25019693
1.2934031,-0.25208494
1.2846568,-0.25393912
1.2759186,-0.25583172
1.2671763,-0.25770512
1.2584292,-0.25955597
1.249697,-0.2614758
1.2409934,-0.2635214
1.2323164,-0.26567727
1.2236277,-0.2677853
1.2149545,-0.26995647
1.2063206,-0.27227926
1.1976918,-0.27462026
1.1890616,-0.27695644
1.1804157,-0.27923384
1.1717498,-0.28143397
1.1630821,-0.28362665
1.1543859,-0.2857036
1.1456734,-0.28771117
1.1369666,-0.28974316
1.1282551,-0.2917553
1.1195443,-0.29377005
1.1107833,-0.29555416
1.1020035,-0.29724303
1.0932214,-0.29892024
1.0844512,-0.3006581
1.0757229,-0.3025958
1.0670369,-0.3047147
1.0583661,-0.3068952
1.0497289,-0.30920517
1.0411162,-0.3116051
1.0324985,-0.31398675
1.023896,-0.31642285
1.0153161,-0.31893775
1.006734,-0.32144487
0.9981477,-0.3239375
0.9895479,-0.32638302
0.98094773,-0.32882735
0.97233486,-0.33122662
0.96369076,-0.33351085
0.95505697,-0.33583376
0.9464092,-0.338104
0.93776274,-0.34037915
0.92909765,-0.3425823
0.9204254,-0.34475714
0.91175896,-0.34695494
0.9031122,-0.3492288
0.89448076,-0.3515604
0.8858578,-0.35392314
0.8772481,-0.3563337
0.86864805,-0.35877854
0.860071,-0.36130294
0.8514917,-0.36381963
0.8429235,-0.36637387
0.8344013,-0.3690775
0.82588065,-0.37178597
0.8173412,-0.3744347
0.808799,-0.37707457
0.8002459,-0.37967867
0.7916784,-0.38223526
0.78307796,-0.38467854
0.774438,-0.3869784
0.7657826,-0.38921922
0.757126,-0.39145553
0.7484774,-0.39372262
0.7397959,-0.39586025
0.7310885,-0.3978898
0.7223708,-0.39987457
0.7136606,-0.401892
0.7049635,-0.40396518
0.6962671,-0.40604132
0.6875855,-0.40817827
0.6789246,-0.41039795
0.67027473,-0.4126601
0.66162604,-0.41492674
0.6529751,-0.41718477
0.64436895,-0.41960812
0.6357977,-0.42215195
0.6272407,-0.42474353
0.6186989,-0.42738456
0.6101456,-0.42998832
0.6015854,-0.43256906
0.5929991,-0.43506166
0.5844034,-0.43752173
0.57581884,-0.4400204
0.5672026,-0.44240773
0.55856794,-0.44472712
0.54989207,-0.44688755
0.5412217,-0.4490698
0.5325663,-0.4513108
0.5239425,-0.45367038
0.5153382,-0.4561003
0.5067381,-0.45854515
0.49815533,-0.46104982
0.48961186,-0.46368554
0.4810762,-0.4663465
0.4725474,-0.46902934
0.46404436,-0.47179264
0.45558912,-0.47469893
0.44712612,-0.47758263
0.4386502,-0.48042807
0.43015817,-0.48322508
0.42165095,-0.4859755
0.41313916,-0.48871186
0.40461406,-0.49140638
0.3960963,-0.49412397
0.38757685,-0.4968364
0.37907502,-0.49960345
0.37057078,-0.50236315
0.36203772,-0.50503236
0.35351005,-0.50771874
0.3450036,-0.51047164
0.33651838,-0.5132893
0.32805294,-0.5161658
0.31962755,-0.5191576
0.31124642,-0.5222712
0.30287835,-0.5254198
0.2945297,-0.52861947
0.28621158,-0.53189766
0.27796254,-0.53534603
0.2697667,-0.538919
0.2615978,-0.5425531
0.25344697,-0.54622763
0.2452903,-0.54988915
0.2371371,-0.55355835
0.22899278,-0.5572472
0.22083873,-0.5609146
0.21272343,-0.5646669
0.204604,-0.5684103
0.1965039,-0.5721953
0.18839404,-0.5759593
0.18025601,-0.5796621
0.17212705,-0.5833847
0.16403653,-0.58719015
0.15600252,-0.5911135
0.14800176,-0.5951042
0.14006609,-0.59922284
0.13219158,-0.6034572
0.1244018,-0.60784554
0.11670175,-0.61238945
0.10907388,-0.6170535
0.10155425,-0.6218902
0.094131805,-0.6268747
0.086766884,-0.6319438
0.07947074,-0.6371114
0.072214976,-0.6423356
0.06502011,-0.6476433
0.05788767,-0.6530346
0.050780907,-0.6584597
0.04372129,-0.66394603
0.036736727,-0.6695276
0.029917829,-0.6753104
0.02322709,-0.681241
0.016659072,-0.6873072
0.010266707,-0.6935582
0.0040599573,-0.6999936
-0.0019234465,-0.70663714
-0.007684836,-0.7134741
-0.013104604,-0.7205849
-0.018242389,-0.7279021
-0.023058934,-0.73543465
-0.027547907,-0.74316686
-0.031644538,-0.7511139
-0.035359517,-0.75924635
-0.03870441,-0.7675379
-0.041803252,-0.7759245
-0.044692297,-0.7843857
-0.047387693,-0.7929105
-0.049866185,-0.8015009
-0.052118097,-0.8101535
-0.05417916,-0.8188535
-0.055982504,-0.82761055
-0.05757658,-0.8364081
-0.05881064,-0.8452633
-0.059733354,-0.8541564
-0.060416043,-0.8630711
-0.060791567,-0.872004
-0.06075318,-0.88094467
-0.060356338,-0.88987666
-0.059590425,-0.8987846
-0.058694143,-0.90768033
-0.057538137,-0.9165461
-0.056158416,-0.9253798
-0.054669876,-0.9341958
-0.052972846,-0.9429741
-0.051130444,-0.951723
-0.049182683,-0.96044904
-0.04723046,-0.9691741
-0.045207936,-0.9778831
-0.043145977,-0.9865829
-0.04101666,-0.99526644
-0.038867537,-1.0039451
-0.036804996,-1.0126448
-0.03466744,-1.0213263
-0.03257899,-1.0300198
-0.03044012,-1.0387009
-0.028327016,-1.0473884
-0.02626335,-1.0560879
-0.02421696,-1.0647913
-0.022145497,-1.0734888
-0.0199835,-1.0821643
-0.017784765,-1.0908306
-0.015497442,-1.0994738
-0.013134548,-1.1080967
-0.01072758,-1.1167074
-0.00824794,-1.1252975
-0.005708569,-1.1338701
-0.003051766,-1.1424071
-3.1334884E-4,-1.1509181
0.002458442,-1.1594185
0.0052668597,-1.1679068
0.008084672,-1.176392
0.01093408,-1.1848665
0.013728578,-1.1933594
0.016342247,-1.2019097
0.018936187,-1.2104659
0.02148488,-1.2190357
0.023998657,-1.2276158
0.026430573,-1.2362195
0.028820058,-1.2448351
0.03127846,-1.2534313
0.033780176,-1.262015
0.03637653,-1.2705705
0.03919124,-1.2790567
0.04202461,-1.2875366
0.044865433,-1.2960141
0.04783565,-1.304447
0.05086135,-1.3128604
0.053835306,-1.321292
0.056840032,-1.3297129
0.059977394,-1.3380852
0.06314789,-1.346445
0.06630177,-1.3548111
0.06934785,-1.363217
0.07240452,-1.3716191
0.07539183,-1.3800461
0.07833096,-1.3884901
0.08124199,-1.3969437
0.08416681,-1.4053925
0.08706546,-1.4138504
0.08991142,-1.4223262
0.092808425,-1.4307847
0.09568637,-1.4392496
0.098523065,-1.4477285
0.10139035,-1.456197
0.10428125,-1.4646575
0.10718469,-1.4731138
0.110146075,-1.4815499
0.11326601,-1.4899286
0.116503716,-1.4982625
0.11974693,-1.5065943
0.1230168,-1.5149157
0.12623337,-1.5232579
0.1293036,-1.531655
0.13230519,-1.5400769
0.13524152,-1.5485218
0.13808374,-1.5569987
0.14112827,-1.5654052
0.1440431,-1.5738575
0.1469102,-1.5823262
0.1498237,-1.590779
0.15269952,-1.5992446
0.15552218,-1.6077281
0.158153,-1.616273
0.16082506,-1.6248052
0.16354616,-1.6333219
0.16629922,-1.6418283
0.16911753,-1.6503133
0.17198677,-1.6587812
0.17477287,-1.6672767
0.1776249,-1.6757505
0.18060227,-1.684181
0.18372193,-1.6925598
0.18682623,-1.7009444
0.18999663,-1.7093042
0.19324264,-1.7176349
0.19643894,-1.7259848
0.1996147,-1.7343426
0.20275596,-1.7427133
0.20573264,-1.751144
0.20868585,-1.759583
0.21149255,-1.7680719
0.21430762,-1.7765579
0.21711282,-1.7850473
0.21988104,-1.7935487
0.22253767,-1.8020856
0.22512239,-1.8106446
0.2276382,-1.8192241
0.2302409,-1.8277777
0.23291963,-1.8363078
0.23571104,-1.8448017
0.2384784,-1.8533034
0.24130112,-1.861787
0.2443912,-1.8701768
0.24760824,-1.8785188
