           0            0            0            0            0   -0.0575447            0            0            0            0   -0.0487839            0            0            0            0            0    -0.035479   9.0762e-05            0            0            0            0            0            0            0            0            0            0            0            0
           0            0            0            0            0            0   -0.0377288            0   -0.0330545            0            0      -0.0233   -0.0205388            0   -0.0220975            0            0            0            0            0            0  -0.00503889            0            0   -0.0029848            0            0            0            0            0
           0            0            0            0            0  2.80563e-05            0            0            0            0            0            0            0            0            0    -0.070505   -0.0032643   -0.0586457   -0.0416612            0  -0.00301588            0            0            0            0            0            0            0            0            0
           0            0            0            0            0            0   -0.0345872            0   -0.0303363            0            0   -0.0160445   -0.0152662            0   -0.0154922            0            0            0            0            0            0  -0.00739683            0            0 -3.67211e-05            0            0            0            0            0
           0            0            0            0            0            0   -0.0330393            0   -0.0247446            0            0   -0.0228981   -0.0215538            0   -0.0213357            0            0            0            0            0            0  -0.00554757            0            0   -0.0014763            0            0            0            0            0
  -0.0575447            0  2.80563e-05            0            0            0            0            0            0            0   -0.0471786            0            0            0            0 -0.000417794   -0.0158967 -0.000297542  4.08153e-05            0            0            0            0            0            0            0            0            0            0            0
           0   -0.0377288            0   -0.0345872   -0.0330393            0            0            0            0            0            0   -0.0212286   -0.0209987            0   -0.0199281            0            0            0            0            0            0  -0.00605434            0            0  -0.00101844            0            0            0            0            0
           0            0            0            0            0            0            0            0            0            0            0            0            0  -0.00988973            0         -nan            0            0            0   -0.0396609  -0.00632647            0  -0.00190212  -0.00361206  -0.00123788    -0.014953    -0.006838  -0.00549645  -0.00178193   -0.0028683
           0   -0.0330545            0   -0.0303363   -0.0247446            0            0            0            0            0            0   -0.0196892   -0.0182042            0   -0.0183656            0            0            0            0            0            0  -0.00423719            0            0 -0.000204619            0            0            0            0            0
           0            0            0            0            0            0            0            0            0            0            0            0            0   -0.0149522            0 -9.21616e-05            0            0 -0.000397204  -0.00247394   -0.0301844            0  -0.00527373  -0.00164288            0   -0.0159712 -0.000326714  -0.00044674 -1.22808e-05  -0.00957559
  -0.0487839            0            0            0            0   -0.0471786            0            0            0            0            0            0            0            0            0            0  -0.00584133  -0.00032621            0            0            0            0            0            0            0            0            0            0            0            0
           0      -0.0233            0   -0.0160445   -0.0228981            0   -0.0212286            0   -0.0196892            0            0            0            0            0            0            0            0            0            0            0            0  -0.00302384            0            0  -0.00574661            0            0            0            0            0
           0   -0.0205388            0   -0.0152662   -0.0215538            0   -0.0209987            0   -0.0182042            0            0            0            0            0            0            0            0            0            0            0            0  -0.00278304            0            0  -0.00413623            0            0            0            0            0
           0            0            0            0            0            0            0  -0.00988973            0   -0.0149522            0            0            0            0            0 -0.000699088            0 -0.000971759 -0.000609473  0.000199496   -0.0138735            0  -0.00905747  -0.00247151            0    -0.019234            0            0 -0.000228302   -0.0174879
           0   -0.0220975            0   -0.0154922   -0.0213357            0   -0.0199281            0   -0.0183656            0            0            0            0            0            0            0            0            0            0            0            0   -0.0030569            0            0  -0.00456296            0            0            0            0            0
           0            0    -0.070505            0            0 -0.000417794            0         -nan            0 -9.21616e-05            0            0            0 -0.000699088            0            0            0            0            0            0  -0.00769057            0         -nan            0            0            0            0            0            0            0
   -0.035479            0   -0.0032643            0            0   -0.0158967            0            0            0            0  -0.00584133            0            0            0            0            0            0            0            0            0  -0.00238897            0         -nan            0            0            0            0            0            0            0
  9.0762e-05            0   -0.0586457            0            0 -0.000297542            0            0            0            0  -0.00032621            0            0 -0.000971759            0            0            0            0            0            0  -0.00672308            0         -nan            0            0         -nan            0            0            0            0
           0            0   -0.0416612            0            0  4.08153e-05            0            0            0 -0.000397204            0            0            0 -0.000609473            0            0            0            0            0            0   -0.0127958            0         -nan         -nan            0     -0.01764            0            0         -nan            0
           0            0            0            0            0            0            0   -0.0396609            0  -0.00247394            0            0            0  0.000199496            0            0            0            0            0            0  -0.00222122  -0.00754619  -0.00349088  -0.00721122   -0.0083933  -0.00326189  -0.00547447   -0.0048851   -0.0021199  -0.00322086
           0            0  -0.00301588            0            0            0            0  -0.00632647            0   -0.0301844            0            0            0   -0.0138735            0  -0.00769057  -0.00238897  -0.00672308   -0.0127958  -0.00222122            0            0            0            0            0   -0.0134796            0            0            0  -0.00251187
           0  -0.00503889            0  -0.00739683  -0.00554757            0  -0.00605434            0  -0.00423719            0            0  -0.00302384  -0.00278304            0   -0.0030569            0            0            0            0  -0.00754619            0            0            0            0            0            0            0            0            0            0
           0            0            0            0            0            0            0  -0.00190212            0  -0.00527373            0            0            0  -0.00905747            0         -nan         -nan         -nan         -nan  -0.00349088            0            0            0            0            0  -0.00399925  -0.00516653  -0.00454407  -0.00964585   -0.0133358
           0            0            0            0            0            0            0  -0.00361206            0  -0.00164288            0            0            0  -0.00247151            0            0            0            0         -nan  -0.00721122            0            0            0            0            0            0  -0.00818944  -0.00747872  -0.00599711   -0.0167996
           0   -0.0029848            0 -3.67211e-05   -0.0014763            0  -0.00101844  -0.00123788 -0.000204619            0            0  -0.00574661  -0.00413623            0  -0.00456296            0            0            0            0   -0.0083933            0            0            0            0            0            0            0            0 -0.000715438            0
           0            0            0            0            0            0            0    -0.014953            0   -0.0159712            0            0            0    -0.019234            0            0            0         -nan     -0.01764  -0.00326189   -0.0134796            0  -0.00399925            0            0            0            0            0            0            0
           0            0            0            0            0            0            0    -0.006838            0 -0.000326714            0            0            0            0            0            0            0            0            0  -0.00547447            0            0  -0.00516653  -0.00818944            0            0            0            0            0            0
           0            0            0            0            0            0            0  -0.00549645            0  -0.00044674            0            0            0            0            0            0            0            0            0   -0.0048851            0            0  -0.00454407  -0.00747872            0            0            0            0            0            0
           0            0            0            0            0            0            0  -0.00178193            0 -1.22808e-05            0            0            0 -0.000228302            0            0            0            0         -nan   -0.0021199            0            0  -0.00964585  -0.00599711 -0.000715438            0            0            0            0            0
           0            0            0            0            0            0            0   -0.0028683            0  -0.00957559            0            0            0   -0.0174879            0            0            0            0            0  -0.00322086  -0.00251187            0   -0.0133358   -0.0167996            0            0            0            0            0            0
